# delta=  0.0000E+00
#D           4*PI*D**2*PHI
   0.0000E+00   0.0000E+00
   0.1000E+00   0.1346E+00
   0.2000E+00   0.4237E+00
   0.3000E+00   0.7143E+00
   0.4000E+00   0.9764E+00
   0.5000E+00   0.1192E+01
   0.6000E+00   0.1354E+01
   0.7000E+00   0.1460E+01
   0.8000E+00   0.1512E+01
   0.9000E+00   0.1516E+01
   0.1000E+01   0.1476E+01
   0.1100E+01   0.1400E+01
   0.1200E+01   0.1296E+01
   0.1300E+01   0.1169E+01
   0.1400E+01   0.1027E+01
   0.1500E+01   0.8749E+00
   0.1600E+01   0.7185E+00
   0.1700E+01   0.5622E+00
   0.1800E+01   0.4095E+00
   0.1900E+01   0.2636E+00
   0.2000E+01   0.1268E+00
   0.2100E+01   0.6816E-03
   0.2200E+01  -0.1136E+00
   0.2300E+01  -0.2153E+00
   0.2400E+01  -0.3043E+00
   0.2500E+01  -0.3807E+00
   0.2600E+01  -0.4448E+00
   0.2700E+01  -0.4973E+00
   0.2800E+01  -0.5389E+00
   0.2900E+01  -0.5705E+00
   0.3000E+01  -0.5930E+00
   0.3100E+01  -0.6074E+00
   0.3200E+01  -0.6146E+00
   0.3300E+01  -0.6155E+00
   0.3400E+01  -0.6111E+00
   0.3500E+01  -0.6021E+00
   0.3600E+01  -0.5894E+00
   0.3700E+01  -0.5737E+00
   0.3800E+01  -0.5556E+00
   0.3900E+01  -0.5356E+00
   0.4000E+01  -0.5144E+00
   0.4100E+01  -0.4923E+00
   0.4200E+01  -0.4696E+00
   0.4300E+01  -0.4468E+00
   0.4400E+01  -0.4241E+00
   0.4500E+01  -0.4017E+00
   0.4600E+01  -0.3797E+00
   0.4700E+01  -0.3584E+00
   0.4800E+01  -0.3378E+00
   0.4900E+01  -0.3180E+00
   0.5000E+01  -0.2991E+00
   0.5100E+01  -0.2811E+00
   0.5200E+01  -0.2639E+00
   0.5300E+01  -0.2477E+00
   0.5400E+01  -0.2324E+00
   0.5500E+01  -0.2180E+00
   0.5600E+01  -0.2045E+00
   0.5700E+01  -0.1918E+00
   0.5800E+01  -0.1799E+00
   0.5900E+01  -0.1688E+00
   0.6000E+01  -0.1584E+00
   0.6100E+01  -0.1487E+00
   0.6200E+01  -0.1397E+00
   0.6300E+01  -0.1312E+00
   0.6400E+01  -0.1234E+00
   0.6500E+01  -0.1160E+00
   0.6600E+01  -0.1092E+00
   0.6700E+01  -0.1028E+00
   0.6800E+01  -0.9692E-01
   0.6900E+01  -0.9140E-01
   0.7000E+01  -0.8626E-01
   0.7100E+01  -0.8146E-01
   0.7200E+01  -0.7698E-01
   0.7300E+01  -0.7281E-01
   0.7400E+01  -0.6891E-01
   0.7500E+01  -0.6526E-01
   0.7600E+01  -0.6185E-01
   0.7700E+01  -0.5867E-01
   0.7800E+01  -0.5568E-01
   0.7900E+01  -0.5289E-01
   0.8000E+01  -0.5027E-01
   0.8100E+01  -0.4781E-01
   0.8200E+01  -0.4550E-01
   0.8300E+01  -0.4333E-01
   0.8400E+01  -0.4129E-01
   0.8500E+01  -0.3937E-01
   0.8600E+01  -0.3756E-01
   0.8700E+01  -0.3585E-01
   0.8800E+01  -0.3424E-01
   0.8900E+01  -0.3272E-01
   0.9000E+01  -0.3129E-01
   0.9100E+01  -0.2993E-01
   0.9200E+01  -0.2865E-01
   0.9300E+01  -0.2744E-01
   0.9400E+01  -0.2629E-01
   0.9500E+01  -0.2520E-01
   0.9600E+01  -0.2416E-01
   0.9700E+01  -0.2318E-01
   0.9800E+01  -0.2225E-01
   0.9900E+01  -0.2136E-01
   0.1000E+02  -0.2052E-01



# delta=  0.1000E+00
#D           4*PI*D**2*PHI
   0.0000E+00   0.0000E+00
   0.1000E+00   0.1347E+00
   0.2000E+00   0.4217E+00
   0.3000E+00   0.7098E+00
   0.4000E+00   0.9691E+00
   0.5000E+00   0.1182E+01
   0.6000E+00   0.1341E+01
   0.7000E+00   0.1444E+01
   0.8000E+00   0.1495E+01
   0.9000E+00   0.1496E+01
   0.1000E+01   0.1456E+01
   0.1100E+01   0.1381E+01
   0.1200E+01   0.1277E+01
   0.1300E+01   0.1151E+01
   0.1400E+01   0.1011E+01
   0.1500E+01   0.8616E+00
   0.1600E+01   0.7080E+00
   0.1700E+01   0.5547E+00
   0.1800E+01   0.4052E+00
   0.1900E+01   0.2625E+00
   0.2000E+01   0.1287E+00
   0.2100E+01   0.5429E-02
   0.2200E+01  -0.1062E+00
   0.2300E+01  -0.2056E+00
   0.2400E+01  -0.2927E+00
   0.2500E+01  -0.3674E+00
   0.2600E+01  -0.4304E+00
   0.2700E+01  -0.4820E+00
   0.2800E+01  -0.5231E+00
   0.2900E+01  -0.5545E+00
   0.3000E+01  -0.5771E+00
   0.3100E+01  -0.5918E+00
   0.3200E+01  -0.5995E+00
   0.3300E+01  -0.6012E+00
   0.3400E+01  -0.5976E+00
   0.3500E+01  -0.5896E+00
   0.3600E+01  -0.5780E+00
   0.3700E+01  -0.5633E+00
   0.3800E+01  -0.5463E+00
   0.3900E+01  -0.5275E+00
   0.4000E+01  -0.5073E+00
   0.4100E+01  -0.4862E+00
   0.4200E+01  -0.4645E+00
   0.4300E+01  -0.4426E+00
   0.4400E+01  -0.4207E+00
   0.4500E+01  -0.3991E+00
   0.4600E+01  -0.3778E+00
   0.4700E+01  -0.3571E+00
   0.4800E+01  -0.3370E+00
   0.4900E+01  -0.3177E+00
   0.5000E+01  -0.2992E+00
   0.5100E+01  -0.2815E+00
   0.5200E+01  -0.2647E+00
   0.5300E+01  -0.2487E+00
   0.5400E+01  -0.2336E+00
   0.5500E+01  -0.2194E+00
   0.5600E+01  -0.2059E+00
   0.5700E+01  -0.1933E+00
   0.5800E+01  -0.1815E+00
   0.5900E+01  -0.1704E+00
   0.6000E+01  -0.1600E+00
   0.6100E+01  -0.1503E+00
   0.6200E+01  -0.1412E+00
   0.6300E+01  -0.1327E+00
   0.6400E+01  -0.1248E+00
   0.6500E+01  -0.1175E+00
   0.6600E+01  -0.1106E+00
   0.6700E+01  -0.1041E+00
   0.6800E+01  -0.9816E-01
   0.6900E+01  -0.9258E-01
   0.7000E+01  -0.8737E-01
   0.7100E+01  -0.8251E-01
   0.7200E+01  -0.7797E-01
   0.7300E+01  -0.7374E-01
   0.7400E+01  -0.6978E-01
   0.7500E+01  -0.6608E-01
   0.7600E+01  -0.6263E-01
   0.7700E+01  -0.5939E-01
   0.7800E+01  -0.5636E-01
   0.7900E+01  -0.5352E-01
   0.8000E+01  -0.5086E-01
   0.8100E+01  -0.4837E-01
   0.8200E+01  -0.4603E-01
   0.8300E+01  -0.4382E-01
   0.8400E+01  -0.4175E-01
   0.8500E+01  -0.3981E-01
   0.8600E+01  -0.3797E-01
   0.8700E+01  -0.3624E-01
   0.8800E+01  -0.3461E-01
   0.8900E+01  -0.3307E-01
   0.9000E+01  -0.3162E-01
   0.9100E+01  -0.3025E-01
   0.9200E+01  -0.2895E-01
   0.9300E+01  -0.2772E-01
   0.9400E+01  -0.2656E-01
   0.9500E+01  -0.2546E-01
   0.9600E+01  -0.2441E-01
   0.9700E+01  -0.2342E-01
   0.9800E+01  -0.2248E-01
   0.9900E+01  -0.2158E-01
   0.1000E+02  -0.2073E-01



# delta=  0.2000E+00
#D           4*PI*D**2*PHI
   0.0000E+00   0.0000E+00
   0.1000E+00   0.1351E+00
   0.2000E+00   0.4159E+00
   0.3000E+00   0.6968E+00
   0.4000E+00   0.9478E+00
   0.5000E+00   0.1152E+01
   0.6000E+00   0.1303E+01
   0.7000E+00   0.1399E+01
   0.8000E+00   0.1443E+01
   0.9000E+00   0.1441E+01
   0.1000E+01   0.1398E+01
   0.1100E+01   0.1323E+01
   0.1200E+01   0.1221E+01
   0.1300E+01   0.1100E+01
   0.1400E+01   0.9649E+00
   0.1500E+01   0.8224E+00
   0.1600E+01   0.6768E+00
   0.1700E+01   0.5322E+00
   0.1800E+01   0.3917E+00
   0.1900E+01   0.2579E+00
   0.2000E+01   0.1329E+00
   0.2100E+01   0.1784E-01
   0.2200E+01  -0.8627E-01
   0.2300E+01  -0.1790E+00
   0.2400E+01  -0.2604E+00
   0.2500E+01  -0.3304E+00
   0.2600E+01  -0.3897E+00
   0.2700E+01  -0.4387E+00
   0.2800E+01  -0.4781E+00
   0.2900E+01  -0.5087E+00
   0.3000E+01  -0.5313E+00
   0.3100E+01  -0.5467E+00
   0.3200E+01  -0.5558E+00
   0.3300E+01  -0.5593E+00
   0.3400E+01  -0.5581E+00
   0.3500E+01  -0.5527E+00
   0.3600E+01  -0.5438E+00
   0.3700E+01  -0.5322E+00
   0.3800E+01  -0.5182E+00
   0.3900E+01  -0.5024E+00
   0.4000E+01  -0.4852E+00
   0.4100E+01  -0.4670E+00
   0.4200E+01  -0.4481E+00
   0.4300E+01  -0.4288E+00
   0.4400E+01  -0.4093E+00
   0.4500E+01  -0.3899E+00
   0.4600E+01  -0.3707E+00
   0.4700E+01  -0.3519E+00
   0.4800E+01  -0.3335E+00
   0.4900E+01  -0.3156E+00
   0.5000E+01  -0.2984E+00
   0.5100E+01  -0.2818E+00
   0.5200E+01  -0.2660E+00
   0.5300E+01  -0.2508E+00
   0.5400E+01  -0.2364E+00
   0.5500E+01  -0.2226E+00
   0.5600E+01  -0.2096E+00
   0.5700E+01  -0.1973E+00
   0.5800E+01  -0.1857E+00
   0.5900E+01  -0.1748E+00
   0.6000E+01  -0.1645E+00
   0.6100E+01  -0.1548E+00
   0.6200E+01  -0.1457E+00
   0.6300E+01  -0.1372E+00
   0.6400E+01  -0.1292E+00
   0.6500E+01  -0.1217E+00
   0.6600E+01  -0.1147E+00
   0.6700E+01  -0.1081E+00
   0.6800E+01  -0.1020E+00
   0.6900E+01  -0.9625E-01
   0.7000E+01  -0.9088E-01
   0.7100E+01  -0.8585E-01
   0.7200E+01  -0.8114E-01
   0.7300E+01  -0.7674E-01
   0.7400E+01  -0.7262E-01
   0.7500E+01  -0.6877E-01
   0.7600E+01  -0.6516E-01
   0.7700E+01  -0.6178E-01
   0.7800E+01  -0.5861E-01
   0.7900E+01  -0.5564E-01
   0.8000E+01  -0.5285E-01
   0.8100E+01  -0.5024E-01
   0.8200E+01  -0.4779E-01
   0.8300E+01  -0.4548E-01
   0.8400E+01  -0.4332E-01
   0.8500E+01  -0.4128E-01
   0.8600E+01  -0.3936E-01
   0.8700E+01  -0.3756E-01
   0.8800E+01  -0.3585E-01
   0.8900E+01  -0.3425E-01
   0.9000E+01  -0.3273E-01
   0.9100E+01  -0.3130E-01
   0.9200E+01  -0.2995E-01
   0.9300E+01  -0.2867E-01
   0.9400E+01  -0.2746E-01
   0.9500E+01  -0.2632E-01
   0.9600E+01  -0.2523E-01
   0.9700E+01  -0.2420E-01
   0.9800E+01  -0.2322E-01
   0.9900E+01  -0.2229E-01
   0.1000E+02  -0.2141E-01



# delta=  0.3000E+00
#D           4*PI*D**2*PHI
   0.0000E+00   0.0000E+00
   0.1000E+00   0.1352E+00
   0.2000E+00   0.4068E+00
   0.3000E+00   0.6764E+00
   0.4000E+00   0.9144E+00
   0.5000E+00   0.1105E+01
   0.6000E+00   0.1243E+01
   0.7000E+00   0.1327E+01
   0.8000E+00   0.1362E+01
   0.9000E+00   0.1354E+01
   0.1000E+01   0.1308E+01
   0.1100E+01   0.1232E+01
   0.1200E+01   0.1134E+01
   0.1300E+01   0.1018E+01
   0.1400E+01   0.8920E+00
   0.1500E+01   0.7599E+00
   0.1600E+01   0.6263E+00
   0.1700E+01   0.4946E+00
   0.1800E+01   0.3676E+00
   0.1900E+01   0.2475E+00
   0.2000E+01   0.1356E+00
   0.2100E+01   0.3306E-01
   0.2200E+01  -0.5956E-01
   0.2300E+01  -0.1420E+00
   0.2400E+01  -0.2145E+00
   0.2500E+01  -0.2771E+00
   0.2600E+01  -0.3303E+00
   0.2700E+01  -0.3747E+00
   0.2800E+01  -0.4110E+00
   0.2900E+01  -0.4398E+00
   0.3000E+01  -0.4618E+00
   0.3100E+01  -0.4777E+00
   0.3200E+01  -0.4881E+00
   0.3300E+01  -0.4938E+00
   0.3400E+01  -0.4954E+00
   0.3500E+01  -0.4934E+00
   0.3600E+01  -0.4883E+00
   0.3700E+01  -0.4807E+00
   0.3800E+01  -0.4709E+00
   0.3900E+01  -0.4594E+00
   0.4000E+01  -0.4466E+00
   0.4100E+01  -0.4326E+00
   0.4200E+01  -0.4179E+00
   0.4300E+01  -0.4025E+00
   0.4400E+01  -0.3868E+00
   0.4500E+01  -0.3710E+00
   0.4600E+01  -0.3551E+00
   0.4700E+01  -0.3393E+00
   0.4800E+01  -0.3236E+00
   0.4900E+01  -0.3083E+00
   0.5000E+01  -0.2933E+00
   0.5100E+01  -0.2788E+00
   0.5200E+01  -0.2647E+00
   0.5300E+01  -0.2511E+00
   0.5400E+01  -0.2380E+00
   0.5500E+01  -0.2254E+00
   0.5600E+01  -0.2134E+00
   0.5700E+01  -0.2019E+00
   0.5800E+01  -0.1910E+00
   0.5900E+01  -0.1806E+00
   0.6000E+01  -0.1707E+00
   0.6100E+01  -0.1613E+00
   0.6200E+01  -0.1524E+00
   0.6300E+01  -0.1440E+00
   0.6400E+01  -0.1360E+00
   0.6500E+01  -0.1285E+00
   0.6600E+01  -0.1215E+00
   0.6700E+01  -0.1148E+00
   0.6800E+01  -0.1085E+00
   0.6900E+01  -0.1026E+00
   0.7000E+01  -0.9705E-01
   0.7100E+01  -0.9181E-01
   0.7200E+01  -0.8689E-01
   0.7300E+01  -0.8227E-01
   0.7400E+01  -0.7792E-01
   0.7500E+01  -0.7383E-01
   0.7600E+01  -0.6999E-01
   0.7700E+01  -0.6638E-01
   0.7800E+01  -0.6299E-01
   0.7900E+01  -0.5980E-01
   0.8000E+01  -0.5681E-01
   0.8100E+01  -0.5399E-01
   0.8200E+01  -0.5134E-01
   0.8300E+01  -0.4885E-01
   0.8400E+01  -0.4651E-01
   0.8500E+01  -0.4430E-01
   0.8600E+01  -0.4222E-01
   0.8700E+01  -0.4026E-01
   0.8800E+01  -0.3841E-01
   0.8900E+01  -0.3667E-01
   0.9000E+01  -0.3503E-01
   0.9100E+01  -0.3348E-01
   0.9200E+01  -0.3201E-01
   0.9300E+01  -0.3063E-01
   0.9400E+01  -0.2932E-01
   0.9500E+01  -0.2808E-01
   0.9600E+01  -0.2691E-01
   0.9700E+01  -0.2580E-01
   0.9800E+01  -0.2474E-01
   0.9900E+01  -0.2374E-01
   0.1000E+02  -0.2280E-01



# delta=  0.4000E+00
#D           4*PI*D**2*PHI
   0.0000E+00   0.0000E+00
   0.1000E+00   0.1349E+00
   0.2000E+00   0.3949E+00
   0.3000E+00   0.6504E+00
   0.4000E+00   0.8721E+00
   0.5000E+00   0.1046E+01
   0.6000E+00   0.1167E+01
   0.7000E+00   0.1237E+01
   0.8000E+00   0.1260E+01
   0.9000E+00   0.1244E+01
   0.1000E+01   0.1194E+01
   0.1100E+01   0.1118E+01
   0.1200E+01   0.1023E+01
   0.1300E+01   0.9142E+00
   0.1400E+01   0.7980E+00
   0.1500E+01   0.6784E+00
   0.1600E+01   0.5590E+00
   0.1700E+01   0.4429E+00
   0.1800E+01   0.3321E+00
   0.1900E+01   0.2282E+00
   0.2000E+01   0.1322E+00
   0.2100E+01   0.4484E-01
   0.2200E+01  -0.3373E-01
   0.2300E+01  -0.1035E+00
   0.2400E+01  -0.1647E+00
   0.2500E+01  -0.2177E+00
   0.2600E+01  -0.2630E+00
   0.2700E+01  -0.3011E+00
   0.2800E+01  -0.3327E+00
   0.2900E+01  -0.3582E+00
   0.3000E+01  -0.3783E+00
   0.3100E+01  -0.3936E+00
   0.3200E+01  -0.4046E+00
   0.3300E+01  -0.4118E+00
   0.3400E+01  -0.4157E+00
   0.3500E+01  -0.4167E+00
   0.3600E+01  -0.4152E+00
   0.3700E+01  -0.4116E+00
   0.3800E+01  -0.4062E+00
   0.3900E+01  -0.3992E+00
   0.4000E+01  -0.3910E+00
   0.4100E+01  -0.3818E+00
   0.4200E+01  -0.3717E+00
   0.4300E+01  -0.3610E+00
   0.4400E+01  -0.3498E+00
   0.4500E+01  -0.3383E+00
   0.4600E+01  -0.3265E+00
   0.4700E+01  -0.3146E+00
   0.4800E+01  -0.3027E+00
   0.4900E+01  -0.2908E+00
   0.5000E+01  -0.2790E+00
   0.5100E+01  -0.2673E+00
   0.5200E+01  -0.2559E+00
   0.5300E+01  -0.2447E+00
   0.5400E+01  -0.2338E+00
   0.5500E+01  -0.2232E+00
   0.5600E+01  -0.2130E+00
   0.5700E+01  -0.2030E+00
   0.5800E+01  -0.1934E+00
   0.5900E+01  -0.1842E+00
   0.6000E+01  -0.1753E+00
   0.6100E+01  -0.1668E+00
   0.6200E+01  -0.1586E+00
   0.6300E+01  -0.1508E+00
   0.6400E+01  -0.1433E+00
   0.6500E+01  -0.1362E+00
   0.6600E+01  -0.1294E+00
   0.6700E+01  -0.1229E+00
   0.6800E+01  -0.1168E+00
   0.6900E+01  -0.1109E+00
   0.7000E+01  -0.1054E+00
   0.7100E+01  -0.1001E+00
   0.7200E+01  -0.9505E-01
   0.7300E+01  -0.9030E-01
   0.7400E+01  -0.8579E-01
   0.7500E+01  -0.8153E-01
   0.7600E+01  -0.7748E-01
   0.7700E+01  -0.7366E-01
   0.7800E+01  -0.7004E-01
   0.7900E+01  -0.6662E-01
   0.8000E+01  -0.6338E-01
   0.8100E+01  -0.6032E-01
   0.8200E+01  -0.5742E-01
   0.8300E+01  -0.5468E-01
   0.8400E+01  -0.5210E-01
   0.8500E+01  -0.4965E-01
   0.8600E+01  -0.4734E-01
   0.8700E+01  -0.4515E-01
   0.8800E+01  -0.4308E-01
   0.8900E+01  -0.4113E-01
   0.9000E+01  -0.3928E-01
   0.9100E+01  -0.3753E-01
   0.9200E+01  -0.3587E-01
   0.9300E+01  -0.3431E-01
   0.9400E+01  -0.3282E-01
   0.9500E+01  -0.3142E-01
   0.9600E+01  -0.3009E-01
   0.9700E+01  -0.2883E-01
   0.9800E+01  -0.2763E-01
   0.9900E+01  -0.2650E-01
   0.1000E+02  -0.2542E-01



# delta=  0.5000E+00
#D           4*PI*D**2*PHI
   0.0000E+00   0.0000E+00
   0.1000E+00   0.1338E+00
   0.2000E+00   0.3812E+00
   0.3000E+00   0.6208E+00
   0.4000E+00   0.8240E+00
   0.5000E+00   0.9784E+00
   0.6000E+00   0.1081E+01
   0.7000E+00   0.1135E+01
   0.8000E+00   0.1146E+01
   0.9000E+00   0.1120E+01
   0.1000E+01   0.1065E+01
   0.1100E+01   0.9887E+00
   0.1200E+01   0.8971E+00
   0.1300E+01   0.7960E+00
   0.1400E+01   0.6902E+00
   0.1500E+01   0.5836E+00
   0.1600E+01   0.4792E+00
   0.1700E+01   0.3793E+00
   0.1800E+01   0.2853E+00
   0.1900E+01   0.1984E+00
   0.2000E+01   0.1192E+00
   0.2100E+01   0.4773E-01
   0.2200E+01  -0.1594E-01
   0.2300E+01  -0.7208E-01
   0.2400E+01  -0.1211E+00
   0.2500E+01  -0.1634E+00
   0.2600E+01  -0.1996E+00
   0.2700E+01  -0.2301E+00
   0.2800E+01  -0.2556E+00
   0.2900E+01  -0.2765E+00
   0.3000E+01  -0.2933E+00
   0.3100E+01  -0.3066E+00
   0.3200E+01  -0.3166E+00
   0.3300E+01  -0.3239E+00
   0.3400E+01  -0.3287E+00
   0.3500E+01  -0.3314E+00
   0.3600E+01  -0.3322E+00
   0.3700E+01  -0.3315E+00
   0.3800E+01  -0.3294E+00
   0.3900E+01  -0.3261E+00
   0.4000E+01  -0.3218E+00
   0.4100E+01  -0.3166E+00
   0.4200E+01  -0.3108E+00
   0.4300E+01  -0.3043E+00
   0.4400E+01  -0.2974E+00
   0.4500E+01  -0.2901E+00
   0.4600E+01  -0.2825E+00
   0.4700E+01  -0.2747E+00
   0.4800E+01  -0.2667E+00
   0.4900E+01  -0.2586E+00
   0.5000E+01  -0.2504E+00
   0.5100E+01  -0.2423E+00
   0.5200E+01  -0.2341E+00
   0.5300E+01  -0.2260E+00
   0.5400E+01  -0.2180E+00
   0.5500E+01  -0.2101E+00
   0.5600E+01  -0.2023E+00
   0.5700E+01  -0.1947E+00
   0.5800E+01  -0.1873E+00
   0.5900E+01  -0.1800E+00
   0.6000E+01  -0.1729E+00
   0.6100E+01  -0.1660E+00
   0.6200E+01  -0.1592E+00
   0.6300E+01  -0.1527E+00
   0.6400E+01  -0.1464E+00
   0.6500E+01  -0.1403E+00
   0.6600E+01  -0.1344E+00
   0.6700E+01  -0.1287E+00
   0.6800E+01  -0.1232E+00
   0.6900E+01  -0.1180E+00
   0.7000E+01  -0.1129E+00
   0.7100E+01  -0.1080E+00
   0.7200E+01  -0.1033E+00
   0.7300E+01  -0.9880E-01
   0.7400E+01  -0.9448E-01
   0.7500E+01  -0.9034E-01
   0.7600E+01  -0.8638E-01
   0.7700E+01  -0.8258E-01
   0.7800E+01  -0.7895E-01
   0.7900E+01  -0.7548E-01
   0.8000E+01  -0.7216E-01
   0.8100E+01  -0.6899E-01
   0.8200E+01  -0.6596E-01
   0.8300E+01  -0.6307E-01
   0.8400E+01  -0.6031E-01
   0.8500E+01  -0.5768E-01
   0.8600E+01  -0.5518E-01
   0.8700E+01  -0.5278E-01
   0.8800E+01  -0.5050E-01
   0.8900E+01  -0.4833E-01
   0.9000E+01  -0.4626E-01
   0.9100E+01  -0.4429E-01
   0.9200E+01  -0.4241E-01
   0.9300E+01  -0.4062E-01
   0.9400E+01  -0.3891E-01
   0.9500E+01  -0.3729E-01
   0.9600E+01  -0.3574E-01
   0.9700E+01  -0.3427E-01
   0.9800E+01  -0.3287E-01
   0.9900E+01  -0.3153E-01
   0.1000E+02  -0.3026E-01



# delta=  0.6000E+00
#D           4*PI*D**2*PHI
   0.0000E+00   0.0000E+00
   0.1000E+00   0.1321E+00
   0.2000E+00   0.3665E+00
   0.3000E+00   0.5894E+00
   0.4000E+00   0.7734E+00
   0.5000E+00   0.9078E+00
   0.6000E+00   0.9916E+00
   0.7000E+00   0.1029E+01
   0.8000E+00   0.1026E+01
   0.9000E+00   0.9913E+00
   0.1000E+01   0.9318E+00
   0.1100E+01   0.8549E+00
   0.1200E+01   0.7667E+00
   0.1300E+01   0.6727E+00
   0.1400E+01   0.5770E+00
   0.1500E+01   0.4829E+00
   0.1600E+01   0.3927E+00
   0.1700E+01   0.3080E+00
   0.1800E+01   0.2300E+00
   0.1900E+01   0.1591E+00
   0.2000E+01   0.9549E-01
   0.2100E+01   0.3905E-01
   0.2200E+01  -0.1052E-01
   0.2300E+01  -0.5366E-01
   0.2400E+01  -0.9087E-01
   0.2500E+01  -0.1227E+00
   0.2600E+01  -0.1497E+00
   0.2700E+01  -0.1723E+00
   0.2800E+01  -0.1912E+00
   0.2900E+01  -0.2066E+00
   0.3000E+01  -0.2192E+00
   0.3100E+01  -0.2291E+00
   0.3200E+01  -0.2369E+00
   0.3300E+01  -0.2427E+00
   0.3400E+01  -0.2468E+00
   0.3500E+01  -0.2495E+00
   0.3600E+01  -0.2509E+00
   0.3700E+01  -0.2513E+00
   0.3800E+01  -0.2507E+00
   0.3900E+01  -0.2494E+00
   0.4000E+01  -0.2474E+00
   0.4100E+01  -0.2448E+00
   0.4200E+01  -0.2417E+00
   0.4300E+01  -0.2382E+00
   0.4400E+01  -0.2344E+00
   0.4500E+01  -0.2303E+00
   0.4600E+01  -0.2259E+00
   0.4700E+01  -0.2214E+00
   0.4800E+01  -0.2167E+00
   0.4900E+01  -0.2118E+00
   0.5000E+01  -0.2069E+00
   0.5100E+01  -0.2019E+00
   0.5200E+01  -0.1969E+00
   0.5300E+01  -0.1918E+00
   0.5400E+01  -0.1867E+00
   0.5500E+01  -0.1817E+00
   0.5600E+01  -0.1767E+00
   0.5700E+01  -0.1717E+00
   0.5800E+01  -0.1667E+00
   0.5900E+01  -0.1618E+00
   0.6000E+01  -0.1570E+00
   0.6100E+01  -0.1522E+00
   0.6200E+01  -0.1475E+00
   0.6300E+01  -0.1429E+00
   0.6400E+01  -0.1384E+00
   0.6500E+01  -0.1340E+00
   0.6600E+01  -0.1296E+00
   0.6700E+01  -0.1254E+00
   0.6800E+01  -0.1213E+00
   0.6900E+01  -0.1172E+00
   0.7000E+01  -0.1133E+00
   0.7100E+01  -0.1094E+00
   0.7200E+01  -0.1057E+00
   0.7300E+01  -0.1021E+00
   0.7400E+01  -0.9853E-01
   0.7500E+01  -0.9510E-01
   0.7600E+01  -0.9177E-01
   0.7700E+01  -0.8854E-01
   0.7800E+01  -0.8540E-01
   0.7900E+01  -0.8237E-01
   0.8000E+01  -0.7943E-01
   0.8100E+01  -0.7658E-01
   0.8200E+01  -0.7382E-01
   0.8300E+01  -0.7116E-01
   0.8400E+01  -0.6859E-01
   0.8500E+01  -0.6610E-01
   0.8600E+01  -0.6369E-01
   0.8700E+01  -0.6137E-01
   0.8800E+01  -0.5913E-01
   0.8900E+01  -0.5697E-01
   0.9000E+01  -0.5489E-01
   0.9100E+01  -0.5288E-01
   0.9200E+01  -0.5095E-01
   0.9300E+01  -0.4908E-01
   0.9400E+01  -0.4728E-01
   0.9500E+01  -0.4555E-01
   0.9600E+01  -0.4389E-01
   0.9700E+01  -0.4228E-01
   0.9800E+01  -0.4074E-01
   0.9900E+01  -0.3925E-01
   0.1000E+02  -0.3783E-01



# delta=  0.7000E+00
#D           4*PI*D**2*PHI
   0.0000E+00   0.0000E+00
   0.1000E+00   0.1298E+00
   0.2000E+00   0.3516E+00
   0.3000E+00   0.5579E+00
   0.4000E+00   0.7228E+00
   0.5000E+00   0.8377E+00
   0.6000E+00   0.9031E+00
   0.7000E+00   0.9245E+00
   0.8000E+00   0.9094E+00
   0.9000E+00   0.8660E+00
   0.1000E+01   0.8022E+00
   0.1100E+01   0.7250E+00
   0.1200E+01   0.6404E+00
   0.1300E+01   0.5530E+00
   0.1400E+01   0.4665E+00
   0.1500E+01   0.3837E+00
   0.1600E+01   0.3061E+00
   0.1700E+01   0.2350E+00
   0.1800E+01   0.1708E+00
   0.1900E+01   0.1138E+00
   0.2000E+01   0.6361E-01
   0.2100E+01   0.2003E-01
   0.2200E+01  -0.1750E-01
   0.2300E+01  -0.4951E-01
   0.2400E+01  -0.7658E-01
   0.2500E+01  -0.9928E-01
   0.2600E+01  -0.1182E+00
   0.2700E+01  -0.1337E+00
   0.2800E+01  -0.1464E+00
   0.2900E+01  -0.1566E+00
   0.3000E+01  -0.1646E+00
   0.3100E+01  -0.1709E+00
   0.3200E+01  -0.1756E+00
   0.3300E+01  -0.1791E+00
   0.3400E+01  -0.1814E+00
   0.3500E+01  -0.1829E+00
   0.3600E+01  -0.1835E+00
   0.3700E+01  -0.1835E+00
   0.3800E+01  -0.1829E+00
   0.3900E+01  -0.1819E+00
   0.4000E+01  -0.1805E+00
   0.4100E+01  -0.1787E+00
   0.4200E+01  -0.1767E+00
   0.4300E+01  -0.1745E+00
   0.4400E+01  -0.1721E+00
   0.4500E+01  -0.1696E+00
   0.4600E+01  -0.1669E+00
   0.4700E+01  -0.1641E+00
   0.4800E+01  -0.1613E+00
   0.4900E+01  -0.1584E+00
   0.5000E+01  -0.1555E+00
   0.5100E+01  -0.1525E+00
   0.5200E+01  -0.1496E+00
   0.5300E+01  -0.1466E+00
   0.5400E+01  -0.1436E+00
   0.5500E+01  -0.1406E+00
   0.5600E+01  -0.1377E+00
   0.5700E+01  -0.1347E+00
   0.5800E+01  -0.1318E+00
   0.5900E+01  -0.1289E+00
   0.6000E+01  -0.1261E+00
   0.6100E+01  -0.1233E+00
   0.6200E+01  -0.1205E+00
   0.6300E+01  -0.1177E+00
   0.6400E+01  -0.1150E+00
   0.6500E+01  -0.1123E+00
   0.6600E+01  -0.1097E+00
   0.6700E+01  -0.1071E+00
   0.6800E+01  -0.1045E+00
   0.6900E+01  -0.1020E+00
   0.7000E+01  -0.9955E-01
   0.7100E+01  -0.9712E-01
   0.7200E+01  -0.9474E-01
   0.7300E+01  -0.9240E-01
   0.7400E+01  -0.9010E-01
   0.7500E+01  -0.8785E-01
   0.7600E+01  -0.8564E-01
   0.7700E+01  -0.8347E-01
   0.7800E+01  -0.8135E-01
   0.7900E+01  -0.7927E-01
   0.8000E+01  -0.7723E-01
   0.8100E+01  -0.7523E-01
   0.8200E+01  -0.7328E-01
   0.8300E+01  -0.7137E-01
   0.8400E+01  -0.6950E-01
   0.8500E+01  -0.6767E-01
   0.8600E+01  -0.6588E-01
   0.8700E+01  -0.6413E-01
   0.8800E+01  -0.6242E-01
   0.8900E+01  -0.6075E-01
   0.9000E+01  -0.5912E-01
   0.9100E+01  -0.5752E-01
   0.9200E+01  -0.5596E-01
   0.9300E+01  -0.5444E-01
   0.9400E+01  -0.5296E-01
   0.9500E+01  -0.5151E-01
   0.9600E+01  -0.5010E-01
   0.9700E+01  -0.4872E-01
   0.9800E+01  -0.4738E-01
   0.9900E+01  -0.4607E-01
   0.1000E+02  -0.4480E-01



# delta=  0.8000E+00
#D           4*PI*D**2*PHI
   0.0000E+00   0.0000E+00
   0.1000E+00   0.1272E+00
   0.2000E+00   0.3369E+00
   0.3000E+00   0.5274E+00
   0.4000E+00   0.6742E+00
   0.5000E+00   0.7707E+00
   0.6000E+00   0.8191E+00
   0.7000E+00   0.8261E+00
   0.8000E+00   0.8000E+00
   0.9000E+00   0.7496E+00
   0.1000E+01   0.6826E+00
   0.1100E+01   0.6058E+00
   0.1200E+01   0.5249E+00
   0.1300E+01   0.4438E+00
   0.1400E+01   0.3658E+00
   0.1500E+01   0.2929E+00
   0.1600E+01   0.2262E+00
   0.1700E+01   0.1665E+00
   0.1800E+01   0.1139E+00
   0.1900E+01   0.6811E-01
   0.2000E+01   0.2879E-01
   0.2100E+01  -0.4595E-02
   0.2200E+01  -0.3266E-01
   0.2300E+01  -0.5600E-01
   0.2400E+01  -0.7523E-01
   0.2500E+01  -0.9089E-01
   0.2600E+01  -0.1035E+00
   0.2700E+01  -0.1135E+00
   0.2800E+01  -0.1213E+00
   0.2900E+01  -0.1273E+00
   0.3000E+01  -0.1318E+00
   0.3100E+01  -0.1349E+00
   0.3200E+01  -0.1370E+00
   0.3300E+01  -0.1382E+00
   0.3400E+01  -0.1386E+00
   0.3500E+01  -0.1385E+00
   0.3600E+01  -0.1379E+00
   0.3700E+01  -0.1369E+00
   0.3800E+01  -0.1355E+00
   0.3900E+01  -0.1340E+00
   0.4000E+01  -0.1322E+00
   0.4100E+01  -0.1302E+00
   0.4200E+01  -0.1282E+00
   0.4300E+01  -0.1260E+00
   0.4400E+01  -0.1238E+00
   0.4500E+01  -0.1216E+00
   0.4600E+01  -0.1193E+00
   0.4700E+01  -0.1170E+00
   0.4800E+01  -0.1147E+00
   0.4900E+01  -0.1125E+00
   0.5000E+01  -0.1102E+00
   0.5100E+01  -0.1080E+00
   0.5200E+01  -0.1058E+00
   0.5300E+01  -0.1037E+00
   0.5400E+01  -0.1015E+00
   0.5500E+01  -0.9947E-01
   0.5600E+01  -0.9743E-01
   0.5700E+01  -0.9545E-01
   0.5800E+01  -0.9350E-01
   0.5900E+01  -0.9160E-01
   0.6000E+01  -0.8974E-01
   0.6100E+01  -0.8793E-01
   0.6200E+01  -0.8616E-01
   0.6300E+01  -0.8443E-01
   0.6400E+01  -0.8274E-01
   0.6500E+01  -0.8110E-01
   0.6600E+01  -0.7949E-01
   0.6700E+01  -0.7793E-01
   0.6800E+01  -0.7640E-01
   0.6900E+01  -0.7491E-01
   0.7000E+01  -0.7345E-01
   0.7100E+01  -0.7203E-01
   0.7200E+01  -0.7064E-01
   0.7300E+01  -0.6929E-01
   0.7400E+01  -0.6796E-01
   0.7500E+01  -0.6667E-01
   0.7600E+01  -0.6541E-01
   0.7700E+01  -0.6417E-01
   0.7800E+01  -0.6296E-01
   0.7900E+01  -0.6178E-01
   0.8000E+01  -0.6063E-01
   0.8100E+01  -0.5950E-01
   0.8200E+01  -0.5840E-01
   0.8300E+01  -0.5731E-01
   0.8400E+01  -0.5626E-01
   0.8500E+01  -0.5522E-01
   0.8600E+01  -0.5420E-01
   0.8700E+01  -0.5321E-01
   0.8800E+01  -0.5223E-01
   0.8900E+01  -0.5128E-01
   0.9000E+01  -0.5034E-01
   0.9100E+01  -0.4943E-01
   0.9200E+01  -0.4853E-01
   0.9300E+01  -0.4764E-01
   0.9400E+01  -0.4678E-01
   0.9500E+01  -0.4593E-01
   0.9600E+01  -0.4510E-01
   0.9700E+01  -0.4428E-01
   0.9800E+01  -0.4347E-01
   0.9900E+01  -0.4269E-01
   0.1000E+02  -0.4191E-01



# delta=  0.9000E+00
#D           4*PI*D**2*PHI
   0.0000E+00   0.0000E+00
   0.1000E+00   0.1244E+00
   0.2000E+00   0.3229E+00
   0.3000E+00   0.4985E+00
   0.4000E+00   0.6285E+00
   0.5000E+00   0.7083E+00
   0.6000E+00   0.7415E+00
   0.7000E+00   0.7362E+00
   0.8000E+00   0.7011E+00
   0.9000E+00   0.6453E+00
   0.1000E+01   0.5765E+00
   0.1100E+01   0.5012E+00
   0.1200E+01   0.4243E+00
   0.1300E+01   0.3496E+00
   0.1400E+01   0.2795E+00
   0.1500E+01   0.2154E+00
   0.1600E+01   0.1583E+00
   0.1700E+01   0.1081E+00
   0.1800E+01   0.6491E-01
   0.1900E+01   0.2815E-01
   0.2000E+01  -0.2719E-02
   0.2100E+01  -0.2833E-01
   0.2200E+01  -0.4932E-01
   0.2300E+01  -0.6632E-01
   0.2400E+01  -0.7991E-01
   0.2500E+01  -0.9061E-01
   0.2600E+01  -0.9888E-01
   0.2700E+01  -0.1051E+00
   0.2800E+01  -0.1097E+00
   0.2900E+01  -0.1128E+00
   0.3000E+01  -0.1149E+00
   0.3100E+01  -0.1160E+00
   0.3200E+01  -0.1163E+00
   0.3300E+01  -0.1160E+00
   0.3400E+01  -0.1152E+00
   0.3500E+01  -0.1141E+00
   0.3600E+01  -0.1126E+00
   0.3700E+01  -0.1108E+00
   0.3800E+01  -0.1089E+00
   0.3900E+01  -0.1069E+00
   0.4000E+01  -0.1047E+00
   0.4100E+01  -0.1025E+00
   0.4200E+01  -0.1002E+00
   0.4300E+01  -0.9791E-01
   0.4400E+01  -0.9560E-01
   0.4500E+01  -0.9331E-01
   0.4600E+01  -0.9103E-01
   0.4700E+01  -0.8878E-01
   0.4800E+01  -0.8657E-01
   0.4900E+01  -0.8439E-01
   0.5000E+01  -0.8227E-01
   0.5100E+01  -0.8019E-01
   0.5200E+01  -0.7816E-01
   0.5300E+01  -0.7618E-01
   0.5400E+01  -0.7426E-01
   0.5500E+01  -0.7240E-01
   0.5600E+01  -0.7058E-01
   0.5700E+01  -0.6882E-01
   0.5800E+01  -0.6712E-01
   0.5900E+01  -0.6547E-01
   0.6000E+01  -0.6387E-01
   0.6100E+01  -0.6231E-01
   0.6200E+01  -0.6081E-01
   0.6300E+01  -0.5936E-01
   0.6400E+01  -0.5795E-01
   0.6500E+01  -0.5659E-01
   0.6600E+01  -0.5528E-01
   0.6700E+01  -0.5400E-01
   0.6800E+01  -0.5277E-01
   0.6900E+01  -0.5158E-01
   0.7000E+01  -0.5042E-01
   0.7100E+01  -0.4931E-01
   0.7200E+01  -0.4823E-01
   0.7300E+01  -0.4718E-01
   0.7400E+01  -0.4617E-01
   0.7500E+01  -0.4519E-01
   0.7600E+01  -0.4424E-01
   0.7700E+01  -0.4332E-01
   0.7800E+01  -0.4243E-01
   0.7900E+01  -0.4157E-01
   0.8000E+01  -0.4073E-01
   0.8100E+01  -0.3992E-01
   0.8200E+01  -0.3914E-01
   0.8300E+01  -0.3838E-01
   0.8400E+01  -0.3764E-01
   0.8500E+01  -0.3692E-01
   0.8600E+01  -0.3623E-01
   0.8700E+01  -0.3555E-01
   0.8800E+01  -0.3490E-01
   0.8900E+01  -0.3426E-01
   0.9000E+01  -0.3364E-01
   0.9100E+01  -0.3304E-01
   0.9200E+01  -0.3246E-01
   0.9300E+01  -0.3189E-01
   0.9400E+01  -0.3134E-01
   0.9500E+01  -0.3081E-01
   0.9600E+01  -0.3029E-01
   0.9700E+01  -0.2978E-01
   0.9800E+01  -0.2929E-01
   0.9900E+01  -0.2881E-01
   0.1000E+02  -0.2834E-01



